987.5 0.041188
982 0.031432
1218.83 0.020401
1350.17 0.019285
1293.2 0.018314
1276 0.019075
1782.8 0.019996
1092.67 0.021479
1359 0.019647
1071.5 0.020504
1337 0.021298
1299 0.019339
1255 0.021378
1804 0.020906
1228 0.022305
901.5 0.01933
1025 0.020641
1176.5 0.021174
1026 0.020205
1401 0.018349
958 0.020428
1122.33 0.021799
1261.33 0.02041
777.667 0.025765
927.833 0.017972
670.333 0.021912
894.75 0.022065
1453.5 0.020902
1192 0.020995
1018 0.022728
504.167 0.023304
1333.67 0.021204
600.417 0.021117
898.833 0.02066
876.583 0.020447
712.292 0.023907
839.858 0.025738
835.333 0.02274
1264.67 0.021441
660.5 0.01862
572.4 0.023218
696.167 0.021464
725.167 0.020506
647.067 0.01799
594.267 0.022666
646.267 0.021645
665.133 0.024757
756.667 0.018078
858.867 0.018877
551.633 0.023823
551.75 0.02068
758.183 0.022078
556.717 0.022074
582.333 0.023384
803.7 0.026581
679.517 0.022539
758.867 0.024996
672.217 0.023952
541.083 0.020344
515.767 0.021241
961.533 0.080711
1484.73 0.071114
791.667 0.079927
1090.03 0.070575
985 0.079062
994.867 0.071085
1300.37 0.075749
1111.6 0.083212
1256.67 0.075691
910.033 0.085949
876.4 0.094855
925.733 0.078146
1026.77 0.076957
1113.43 0.072502
611.3 0.079915
1298.33 0.09161
748.104 0.080601
848.083 0.075264
987.521 0.065484
798 0.079108
970.167 0.083772
1333.58 0.06188
862.917 0.073521
870 0.090452
900.667 0.114296
992.417 0.144006
1131.92 0.152426
981.083 0.115515
1062.17 0.098205
953.833 0.12341
861.833 0.104748
1006.45 0.104044
867.442 0.099601
832.167 0.135929
672.375 0.100361
838.033 0.154072
804.408 0.115988
978.508 0.109474
859.942 0.108656
706.558 0.15018
730.233 0.131527
1034.53 0.082644
762.767 0.094021
712.1 0.141779
1123.1 0.088558
1113 0.094796
962.4 0.091304
1018.67 0.097731
932.1 0.088915
1036.73 0.122949
753.717 0.095088
774.6 0.102774
846.817 0.091978
977.517 0.091647
963.1 0.088293
650.933 0.115695
783.117 0.090259
722.667 0.090833
710.333 0.061958
739.7 0.065945
1582.63 0.237838
1529.5 0.238529
1678.27 0.224438
1540.53 0.279234
1340.97 0.266801
1582.03 0.258929
1407.87 0.218791
1441.03 0.216283
1399.57 0.245815
1376.33 0.258968
860.417 0.27134
1085.65 0.245384
970.783 0.254362
1231.07 0.255066
1110.27 0.229494
1019.58 0.269305
1122.85 0.278196
1019.73 0.240947
1070.54 0.272775
1015.06 0.222289
1470.67 0.190228
1107.83 0.218516
1534 0.25615
1459.17 0.213862
1343.75 0.208052
1137.33 0.230975
1382.83 0.250181
1126.25 0.241113
1204.17 0.25858
1184.42 0.214743
1001.84 0.217015
1052.18 0.214361
1045.07 0.198214
1144.45 0.208771
986.833 0.216371
1285.48 0.189359
1311.18 0.192557
1169.93 0.235922
1047.88 0.218423
984.858 0.229407
1128.07 0.172065
1275.23 0.212555
1323.9 0.160182
1200.4 0.18436
1064.8 0.211225
932.8 0.168937
1240.47 0.154878
1038.47 0.184421
1120.03 0.197551
1420.17 0.20276
1006.93 0.151812
846.467 0.177312
758.233 0.172754
948.267 0.198343
891.233 0.176981
882.217 0.165361
1086.23 0.154556
1029.32 0.172376
722.6 0.163113
1145.37 0.184559
1986.83 0.391553
1726 0.413092
1764.33 0.356467
1565.63 0.38679
1635.27 0.402257
1703.67 0.381745
1688.67 0.373921
2064.27 0.341117
1687.83 0.38928
1777.4 0.384197
1265.13 0.347687
1350.62 0.381803
1087.72 0.385341
1434.43 0.358526
1549.23 0.346598
1273.15 0.358874
1375.94 0.436236
1415.73 0.378463
1402.67 0.384953
1501.08 0.339196
1625.17 0.363735
1456.92 0.344259
1845.08 0.375879
1583.08 0.332589
1802.25 0.340785
1794.25 0.32898
1539.92 0.338
1808.25 0.329975
1763.33 0.389365
1863.58 0.324119
1483.83 0.33872
1535.46 0.324055
1589.39 0.367283
1366.08 0.406081
1400.14 0.324261
1361.94 0.319227
1258.44 0.352918
1372.4 0.340033
1049.86 0.348113
1363.69 0.324834
1577.67 0.296101
1497.6 0.259077
1568.43 0.307308
1649 0.290698
1363.07 0.295561
1738.57 0.291887
1511.4 0.262258
1727.2 0.28541
1482.1 0.304399
1653.5 0.316312
1532.28 0.289836
1162.92 0.288071
1092.9 0.253819
1102.67 0.270487
1406.62 0.247816
1386.37 0.274617
976.433 0.277285
1260.27 0.252111
1186.28 0.245769
1099.2 0.265621
2074.7 0.568212
2405.1 0.546332
2067 0.504771
2294.03 0.540097
1960.77 0.550327
2586.8 0.565202
2031.77 0.508544
2091.9 0.534643
2268.4 0.507634
2354.9 0.558392
1789.73 0.499039
1654.38 0.557326
1602.05 0.602941
1369.35 0.591394
1998.58 0.53613
2041.23 0.536608
2105.56 0.584148
1742.06 0.53329
1618.33 0.559252
1759.48 0.498956
1884 0.519321
2260.92 0.491958
2021.33 0.524246
2134.67 0.512642
2246.33 0.458384
2275.67 0.523884
2164.17 0.504586
2049.08 0.531895
2052.42 0.510059
2043.33 0.487151
2062.74 0.50423
1630.56 0.51019
1982.92 0.496427
1501.62 0.503992
1689.88 0.48182
1592.27 0.49003
1743.82 0.494341
1759.59 0.50554
1581.88 0.47196
1599.5 0.536311
2327.63 0.399939
1769.4 0.425084
1853.63 0.362325
1961.9 0.399908
1983.4 0.407465
2165.27 0.400917
1991.2 0.383509
1649.33 0.486445
2068.73 0.378668
1788.33 0.412669
1456.38 0.355804
1492.55 0.369497
1628.42 0.374713
1725.8 0.345867
1703.9 0.351162
1725.45 0.387185
1376.8 0.361889
1275.07 0.391938
1713.72 0.338326
1436.42 0.434004
